,63,91,85,42,36,64
63,-9999.0,-1.1653962423613,-0.851111879092963,-1.53710119725108,-0.851111879092963,-0.851111879092963
91,-1.1653962423613,-9999.0,-0.851111879092963,-1.1653962423613,-0.851111879092963,-0.851111879092963
85,-0.851111879092963,-0.851111879092963,-9999.0,-0.851111879092963,-1.05619993417031,-1.45484332891973
42,-1.53710119725108,-1.1653962423613,-0.851111879092963,-9999.0,-0.851111879092963,-0.851111879092963
36,-0.851111879092963,-0.851111879092963,-1.05619993417031,-0.851111879092963,-9999.0,-1.05619993417031
64,-0.851111879092963,-0.851111879092963,-1.45484332891973,-0.851111879092963,-1.05619993417031,-9999.0
