,63,52,85,42,75,64
63,-9999.0,-1.27724706086925,-0.751422832247069,-1.27724706086925,-0.751422832247069,-0.751422832247069
52,-1.27724706086925,-9999.0,-0.751422832247069,-1.27724706086925,-0.751422832247069,-0.751422832247069
85,-0.751422832247069,-0.751422832247069,-9999.0,-0.751422832247069,-1.24031329663519,-1.1757472684689
42,-1.27724706086925,-1.27724706086925,-0.751422832247069,-9999.0,-0.751422832247069,-0.751422832247069
75,-0.751422832247069,-0.751422832247069,-1.24031329663519,-0.751422832247069,-9999.0,-1.1757472684689
64,-0.751422832247069,-0.751422832247069,-1.1757472684689,-0.751422832247069,-1.1757472684689,-9999.0
