,63,91,88,85,84,43,42,39,36,64
63,-9999.0,-1.06156770984384,-1.06156770984384,-1.09225758034352,-1.09225758034352,-1.1055418513363,-1.1055418513363,-1.0765395379087,-1.0765395379087,-1.09225758034352
91,-1.06156770984384,-9999.0,-1.34062432439412,-1.06156770984384,-1.06156770984384,-1.06156770984384,-1.06156770984384,-1.06156770984384,-1.06156770984384,-1.06156770984384
88,-1.06156770984384,-1.34062432439412,-9999.0,-1.06156770984384,-1.06156770984384,-1.06156770984384,-1.06156770984384,-1.06156770984384,-1.06156770984384,-1.06156770984384
85,-1.09225758034352,-1.06156770984384,-1.06156770984384,-9999.0,-1.33316308801905,-1.09225758034352,-1.09225758034352,-1.0765395379087,-1.0765395379087,-1.24504304604102
84,-1.09225758034352,-1.06156770984384,-1.06156770984384,-1.33316308801905,-9999.0,-1.09225758034352,-1.09225758034352,-1.0765395379087,-1.0765395379087,-1.24504304604102
43,-1.1055418513363,-1.06156770984384,-1.06156770984384,-1.09225758034352,-1.09225758034352,-9999.0,-1.22886832604654,-1.0765395379087,-1.0765395379087,-1.09225758034352
42,-1.1055418513363,-1.06156770984384,-1.06156770984384,-1.09225758034352,-1.09225758034352,-1.22886832604654,-9999.0,-1.0765395379087,-1.0765395379087,-1.09225758034352
39,-1.0765395379087,-1.06156770984384,-1.06156770984384,-1.0765395379087,-1.0765395379087,-1.0765395379087,-1.0765395379087,-9999.0,-1.2550294843717,-1.0765395379087
36,-1.0765395379087,-1.06156770984384,-1.06156770984384,-1.0765395379087,-1.0765395379087,-1.0765395379087,-1.0765395379087,-1.2550294843717,-9999.0,-1.0765395379087
64,-1.09225758034352,-1.06156770984384,-1.06156770984384,-1.24504304604102,-1.24504304604102,-1.09225758034352,-1.09225758034352,-1.0765395379087,-1.0765395379087,-9999.0
