,63,91,85,42,36,64
63,-9999.0,-1.12566159435162,-0.924880972787429,-1.50755925600843,-0.924880972787429,-0.924880972787429
91,-1.12566159435162,-9999.0,-0.924880972787429,-1.12566159435162,-0.924880972787429,-0.924880972787429
85,-0.924880972787429,-0.924880972787429,-9999.0,-0.924880972787429,-1.00832371474649,-1.45281595409275
42,-1.50755925600843,-1.12566159435162,-0.924880972787429,-9999.0,-0.924880972787429,-0.924880972787429
36,-0.924880972787429,-0.924880972787429,-1.00832371474649,-0.924880972787429,-9999.0,-1.00832371474649
64,-0.924880972787429,-0.924880972787429,-1.45281595409275,-0.924880972787429,-1.00832371474649,-9999.0
