,63,91,85,42,36,64
63,-9999.0,-1.12268596545899,-0.919044347501754,-1.50449004144631,-0.919044347501754,-0.919044347501754
91,-1.12268596545899,-9999.0,-0.919044347501754,-1.12268596545899,-0.919044347501754,-0.919044347501754
85,-0.919044347501754,-0.919044347501754,-9999.0,-0.919044347501754,-1.00928877328943,-1.45017069372413
42,-1.50449004144631,-1.12268596545899,-0.919044347501754,-9999.0,-0.919044347501754,-0.919044347501754
36,-0.919044347501754,-0.919044347501754,-1.00928877328943,-0.919044347501754,-9999.0,-1.00928877328943
64,-0.919044347501754,-0.919044347501754,-1.45017069372413,-0.919044347501754,-1.00928877328943,-9999.0
