,63,52,92,85,42,35,75,64
63,-9999.0,-1.03397893268672,-0.958477717203398,-0.784558738614911,-1.03397893268672,-0.782020926797367,-0.784558738614911,-0.784558738614911
52,-1.03397893268672,-9999.0,-0.958477717203398,-0.784558738614911,-1.04874891627864,-0.782020926797367,-0.784558738614911,-0.784558738614911
92,-0.958477717203398,-0.958477717203398,-9999.0,-0.784558738614911,-0.958477717203398,-0.782020926797367,-0.784558738614911,-0.784558738614911
85,-0.784558738614911,-0.784558738614911,-0.784558738614911,-9999.0,-0.784558738614911,-0.782020926797367,-1.06063521345539,-1.02796518007013
42,-1.03397893268672,-1.04874891627864,-0.958477717203398,-0.784558738614911,-9999.0,-0.782020926797367,-0.784558738614911,-0.784558738614911
35,-0.782020926797367,-0.782020926797367,-0.782020926797367,-0.782020926797367,-0.782020926797367,-9999.0,-0.782020926797367,-0.782020926797367
75,-0.784558738614911,-0.784558738614911,-0.784558738614911,-1.06063521345539,-0.784558738614911,-0.782020926797367,-9999.0,-1.02796518007013
64,-0.784558738614911,-0.784558738614911,-0.784558738614911,-1.02796518007013,-0.784558738614911,-0.782020926797367,-1.02796518007013,-9999.0
